1	10
2	30
3	20
4	10
5	30
6	20
7	10
8	30
9	20
10	10
11	30
12	20
13	10
14	30
15	20
16	30
17	20
18	10
19	30
20	20
21	10
22	30
23	20
24	10
25	30
26	20
27	10
28	30
29	20
30	10
31	30
32	20
33	10
34	30
35	20
36	10
37	30
38	20
39	10
40	30
41	20
42	10
43	30
44	20
45	10
46	30
47	20
48	10
49	30
50	20
51	10
52	30
53	20
54	10
55	30
56	20
57	10
58	30
59	20
60	10
61	30
62	20
63	10
64	30
65	20
66	10
67	30
68	20
69	10
70	30
71	20
72	10
73	30
74	20
75	10
76	30
77	20
78	10
79	30
80	20
81	10
82	30
83	20
84	10
85	30
86	20
87	10
88	30
89	20
90	10
91	30
92	20
93	10
94	30
95	20
96	10
97	30
98	20
99	10
100	30
101	20
102	10
103	30
104	20
105	10
106	30
107	20
108	10
109	30
110	20
111	10
112	30
113	20
114	10
115	30
116	20
117	10
118	30
119	20
120	10
121	30
122	20
123	10
124	30
125	20
126	10
127	30
128	20
129	10
130	30
131	20
132	10
133	30
134	20
135	10
136	30
137	20
138	10
139	30
140	20
141	10
142	30
143	20
144	30
145	20
146	10
147	30
148	20
149	10
150	30
151	20
152	30
153	20
154	10
155	30
156	20
157	10
158	30
159	20
160	10
161	30
162	20
163	30
164	20
165	30
166	20
167	10
168	30
169	20
170	10
171	30
172	20
173	10
174	30
175	20
176	10
177	30
178	20
179	10
180	30
181	20
182	10
183	30
184	20
185	10
186	30
187	20
188	10
189	30
190	20
191	10
192	30
193	20
194	10
195	30
196	20
197	10
198	30
199	20
200	10
201	30
202	20
203	10
204	30
205	20
206	10
207	30
208	20
209	10
210	30
211	20
212	10
213	30
214	20
215	10
216	30
217	20
218	10
219	30
220	20
221	10
222	30
223	20
224	10
225	30
226	20
227	10
228	30
229	20
230	10
231	30
232	20
233	10
234	30
235	20
236	10
237	30
238	20
239	10
240	30
241	20
242	30
243	20
244	10
245	30
246	20
247	30
248	20
249	10
250	30
251	20
252	10
253	30
254	20
255	10
256	30
257	20
258	10
259	30
260	20
261	10
262	30
263	20
264	10
265	30
266	20
267	30
268	20
269	10
270	30
271	20
272	10
273	30
274	20
275	10
276	30
277	20
278	10
279	30
280	20
281	10
282	30
283	20
284	10
285	30
286	20
287	10
288	30
289	20
290	30
291	20
292	10
293	30
294	20
295	10
296	30
297	20
298	30
299	20
300	30
301	20
302	30
303	20
304	10
305	30
306	20
307	10
308	30
309	20
310	10
311	30
312	20
313	30
314	20
315	10
316	30
317	20
318	10
319	30
320	20
321	10
322	30
323	20
324	10
325	30
326	20
327	10
328	30
329	20
330	10
331	30
332	20
333	10
334	30
335	20
336	10
337	30
338	20
339	10
340	30
341	20
342	10
343	30
344	20
345	10
346	30
347	20
348	10
349	30
350	20
351	10
352	30
353	20
354	10
355	30
356	20
357	10
358	30
359	20
360	10
361	30
362	20
363	10
364	30
365	20
366	10
367	30
368	20
369	10
370	30
371	20
372	10
373	30
374	20
375	10
376	30
377	20
378	10
379	30
380	20
381	10
382	30
383	20
384	10
385	30
386	20
387	10
388	30
389	20
390	10
391	30
392	20
393	10
394	30
395	20
396	10
397	30
398	20
399	10
400	30
401	20
402	10
403	30
404	20
405	10
406	30
407	20
408	10
409	30
410	20
411	10
412	30
413	20
414	10
415	30
416	20
417	10
418	30
419	20
420	10
421	30
422	20
423	10
424	30
425	20
426	10
427	30
428	20
429	10
430	30
431	20
432	10
433	30
434	20
435	10
436	30
437	20
438	10
439	30
440	20
441	10
442	30
443	20
444	10
445	30
446	20
447	10
448	30
449	20
450	10
451	30
452	20
453	10
454	30
455	20
456	10
457	30
458	20
459	10
460	30
461	20
462	30
463	20
464	10
465	30
466	20
467	10
468	30
469	20
470	10
471	30
472	20
473	10
474	30
475	20
476	10
477	30
478	20
479	10
480	30
481	20
482	10
483	30
484	20
485	10
486	30
487	20
488	10
489	30
490	20
491	10
492	30
493	20
494	10
495	30
496	20
497	10
498	30
499	20
500	10
501	30
502	20
503	10
504	30
505	20
506	10
507	30
508	20
509	10
510	30
511	20
512	10
513	30
514	20
515	10
516	30
517	20
518	10
519	30
520	20
521	30
522	20
523	10
524	30
525	20
526	10
527	30
528	20
529	10
530	30
531	20
532	10
533	30
534	20
535	10
536	30
537	20
538	10
539	30
540	20
541	10
542	30
543	20
544	10
545	30
546	20
547	10
548	30
549	20
550	10
551	30
552	20
553	10
554	30
555	20
556	10
557	30
558	20
559	10
560	30
561	20
562	10
563	30
564	20
565	10
566	30
567	20
568	10
569	30
570	20
571	10
572	30
573	20
574	10
575	30
576	20
577	10
578	30
579	20
580	10
581	30
582	20
583	10
584	30
585	20
586	30
587	20
588	10
589	30
590	20
591	10
592	30
593	20
594	10
595	30
596	20
597	10
598	30
599	20
600	10
601	30
602	20
603	10
604	30
605	20
606	10
607	30
608	20
609	10
610	30
611	20
612	10
613	30
614	20
615	10
616	30
617	20
618	10
619	30
620	20
621	10
622	30
623	20
624	10
625	30
626	20
627	10
628	30
629	20
630	10
631	30
632	20
633	10
634	30
635	20
636	10
637	30
638	20
639	10
640	30
641	20
642	10
643	30
644	20
645	10
646	30
647	20
648	10
649	30
650	20
651	10
652	30
653	20
654	10
655	30
656	20
657	10
658	30
659	20
660	10
661	30
662	20
663	10
664	30
665	20
666	10
667	30
668	20
669	10
670	30
671	20
672	10
673	30
674	20
675	10
676	30
677	20
678	10
679	30
680	20
681	10
682	30
683	20
684	10
685	30
686	20
687	10
688	30
689	20
690	10
691	30
692	20
693	10
694	30
695	20
696	10
697	30
698	20
699	30
700	20
701	10
702	30
703	20
704	10
705	30
706	20
707	10
708	30
709	20
710	10
711	30
712	20
713	10
714	30
715	20
716	10
717	30
718	20
719	10
720	30
721	20
722	10
723	30
724	20
725	10
726	30
727	20
728	10
729	30
730	20
731	10
732	30
733	20
734	10
735	30
736	20
737	10
738	30
739	20
740	10
741	30
742	20
743	10
744	30
745	20
746	10
747	30
748	20
749	10
750	30
751	20
752	10
753	30
754	20
755	10
756	30
757	20
758	10
759	30
760	20
761	10
762	30
763	20
764	10
765	30
766	20
767	10
768	30
769	20
770	10
771	30
772	20
773	10
774	30
775	20
776	10
777	30
778	20
779	30
780	20
781	30
782	20
783	10
784	30
785	20
786	10
787	30
788	20
789	10
790	30
791	20
792	10
793	30
794	20
795	10
796	30
797	20
798	30
799	20
800	10
801	30
802	20
803	10
804	30
805	20
806	10
807	30
808	20
809	10
810	30
811	20
812	10
813	30
814	20
815	10
816	30
817	20
818	10
819	30
820	20
821	10
822	30
823	20
824	10
825	30
826	20
827	10
828	30
829	20
830	10
831	30
832	20
833	10
834	30
835	20
836	10
837	30
838	20
839	10
840	30
841	20
842	10
843	30
844	20
845	30
846	20
847	10
848	30
849	20
850	10
851	30
852	20
853	10
854	30
855	20
856	10
857	30
858	20
859	10
860	30
861	20
862	10
863	30
864	20
865	10
866	30
867	20
868	10
869	30
870	20
871	10
872	30
873	20
874	10
875	30
876	20
877	10
878	30
879	20
880	10
881	30
882	20
883	10
884	30
885	20
886	10
887	30
888	20
889	10
890	30
891	20
892	10
893	30
894	20
895	10
896	30
897	20
898	10
899	30
900	20
901	30
902	20
903	10
904	30
905	20
906	10
907	30
908	20
909	10
910	30
911	20
912	10
913	30
914	20
915	10
916	30
917	20
918	10
919	30
920	20
921	10
922	30
923	20
924	10
925	30
926	20
927	10
928	30
929	20
930	10
931	30
932	20
933	10
934	30
935	20
936	10
937	30
938	20
939	10
940	30
941	20
942	10
943	30
944	20
945	10
946	30
947	20
948	10
949	30
950	20
951	30
952	20
953	10
954	30
955	20
956	10
957	30
958	20
959	10
960	30
961	20
962	10
963	30
964	20
965	10
966	30
967	20
968	30
969	20
970	10
971	30
972	20
973	10
974	30
975	20
976	10
977	30
978	20
979	10
980	30
981	20
982	10
983	30
984	20
985	10
986	30
987	20
988	10
989	30
990	20
991	10
992	30
993	20
994	10
995	30
996	20
997	10
998	30
999	20
1000	10
1001	30
1002	20
1003	10
1004	30
1005	20
1006	10
1007	30
1008	20
1009	10
1010	30
1011	20
1012	10
1013	30
1014	20
1015	30
1016	20
1017	30
1018	20
1019	10
1020	30
1021	20
1022	30
1023	20
1024	10
1025	30
1026	20
1027	10
1028	30
1029	20
1030	10
1031	30
1032	20
1033	10
1034	30
1035	20
1036	10
1037	30
1038	20
1039	10
1040	30
1041	20
1042	10
1043	30
1044	20
1045	10
1046	30
1047	20
1048	10
1049	30
1050	20
1051	10
1052	30
1053	20
1054	10
1055	30
1056	20
1057	10
1058	30
1059	20
1060	10
1061	30
1062	20
1063	30
1064	20
1065	10
1066	30
1067	20
1068	10
1069	30
1070	20
1071	10
1072	30
1073	20
1074	10
1075	30
1076	20
1077	10
1078	30
1079	20
1080	10
1081	30
1082	20
1083	10
1084	30
1085	20
1086	10
1087	30
1088	20
1089	10
1090	30
1091	20
1092	10
1093	30
1094	20
1095	10
1096	30
1097	20
1098	10
1099	30
1100	20
1101	10
1102	30
1103	20
1104	10
1105	30
1106	20
1107	10
1108	30
1109	20
1110	10
1111	30
1112	20
1113	10
1114	30
1115	20
1116	10
1117	30
1118	20
1119	10
1120	30
1121	20
1122	10
1123	30
1124	20
1125	10
1126	30
1127	20
1128	10
1129	30
1130	20
1131	10
1132	30
1133	20
1134	10
1135	30
1136	20
1137	10
1138	30
1139	20
1140	10
1141	30
1142	20
1143	30
1144	20
1145	30
1146	20
1147	10
1148	30
1149	20
1150	30
1151	20
1152	10
1153	30
1154	20
1155	10
1156	30
1157	20
1158	10
1159	30
1160	20
1161	10
1162	30
1163	20
1164	10
1165	30
1166	20
1167	10
1168	30
1169	20
1170	10
1171	30
1172	20
1173	10
1174	30
1175	20
1176	10
1177	30
1178	20
1179	10
1180	30
1181	20
1182	10
1183	30
1184	20
1185	10
1186	30
1187	20
1188	10
1189	30
1190	20
1191	30
1192	20
1193	10
1194	30
1195	20
1196	30
1197	20
1198	10
1199	30
1200	20
1201	10
1202	30
1203	20
1204	10
1205	30
1206	20
1207	10
1208	30
1209	20
1210	10
1211	30
1212	20
1213	10
1214	30
1215	20
1216	10
1217	30
1218	20
1219	30
1220	20
1221	10
1222	30
1223	20
1224	10
1225	30
1226	20
1227	10
1228	30
1229	20
1230	10
1231	30
1232	20
1233	10
1234	30
1235	20
1236	10
1237	30
1238	20
1239	10
1240	30
1241	20
1242	10
1243	30
1244	20
1245	10
1246	30
1247	20
1248	10
1249	30
1250	20
1251	10
1252	30
1253	20
1254	10
1255	30
1256	20
1257	10
1258	30
1259	20
1260	10
1261	30
1262	20
1263	10
1264	30
1265	20
1266	10
1267	30
1268	20
1269	10
1270	30
1271	20
1272	10
1273	30
1274	20
1275	10
1276	30
1277	20
1278	10
1279	30
1280	20
1281	10
1282	30
1283	20
1284	10
1285	30
1286	20
1287	10
1288	30
1289	10
1290	30
1291	10
1292	10
1293	10
1294	10
1295	10
1296	10
1297	10
1298	10
1299	10
1300	10
1301	10
1302	10
1303	10
1304	10
1305	10
1306	10
1307	10
1308	10
1309	10
1310	10
1311	10
1312	10
1313	10
1314	10
1315	10
1316	10
1317	10
1318	10
1319	10
1320	10
1321	10
1322	10
1323	10
1324	10
1325	10
1326	10
1327	10
1328	10
1329	10
1330	10
1331	10
1332	10
1333	10
1334	10
1335	10
1336	10
1337	10
1338	10
1339	10
1340	10
1341	10